0 61 369 7 370 23 335 73 336
1 146 368 87 370 89 340 145 339
2 224 363 168 367 162 337 216 336
3 299 358 241 362 230 333 283 332
4 374 357 319 361 298 330 344 327
5 441 349 397 353 371 328 410 327
6 514 347 468 352 428 324 469 321
7 577 340 533 346 509 319 541 318
8 630 333 598 337 560 311 589 311
9 694 329 659 331 620 311 638 309
10 742 324 713 328 663 306 687 304
11 152 478 59 479 68 437 151 436
12 265 478 172 479 168 439 254 436
13 380 477 287 478 270 437 354 432
14 500 477 407 478 372 434 450 429
15 605 465 515 473 469 419 543 414

